[nbs5@zeus dvsim]$ ./dvsim
Please enter the topology filename with extension: topology2.txt
--------------------------------------------------------
This is the initial topology of the network:
--------------------------------------------------------
Router 0:

1,999999,-
2,999999,-
3,999999,-
4,828,4
5,95,5
6,999999,-
7,999999,-
8,999999,-
9,711,9

Router 1:

0,999999,-
2,999999,-
3,446,3
4,999999,-
5,999999,-
6,592,6
7,999999,-
8,968,8
9,999999,-

Router 2:

0,999999,-
1,999999,-
3,999999,-
4,999999,-
5,999999,-
6,839,6
7,999999,-
8,96,8
9,310,9

Router 3:

0,999999,-
1,446,1
2,999999,-
4,608,4
5,999999,-
6,999999,-
7,999999,-
8,999999,-
9,999999,-

Router 4:

0,828,0
1,999999,-
2,999999,-
3,608,3
5,627,5
6,184,6
7,999999,-
8,607,8
9,723,9

Router 5:

0,95,0
1,999999,-
2,999999,-
3,999999,-
4,627,4
6,999999,-
7,95,7
8,999999,-
9,999999,-

Router 6:

0,999999,-
1,592,1
2,839,2
3,999999,-
4,184,4
5,999999,-
7,894,7
8,390,8
9,841,9

Router 7:

0,999999,-
1,999999,-
2,999999,-
3,999999,-
4,999999,-
5,95,5
6,894,6
8,129,8
9,999999,-

Router 8:

0,999999,-
1,968,1
2,96,2
3,999999,-
4,607,4
5,999999,-
6,390,6
7,129,7
9,800,9

Router 9:

0,711,0
1,999999,-
2,310,2
3,999999,-
4,723,4
5,999999,-
6,841,6
7,999999,-
8,800,8

Network has converged at 9.19611 seconds
The last node to converge was 8
Number of routing control messages: 108

Router 0:

1,1287,5
2,415,5
3,1330,5
4,722,5
5,95,5
6,709,5
7,190,5
8,319,5
9,711,9

Router 1:

0,1287,8
2,1064,8
3,446,3
4,776,6
5,1192,8
6,592,6
7,1097,8
8,968,8
9,1374,8

Router 2:

0,415,8
1,1064,8
3,1278,6
4,670,6
5,320,8
6,486,8
7,225,8
8,96,8
9,310,9

Router 3:

0,1330,4
1,446,1
2,1278,4
4,608,4
5,1235,4
6,792,4
7,1311,4
8,1182,4
9,1331,4

Router 4:

0,722,5
1,776,6
2,670,6
3,608,3
5,627,5
6,184,6
7,703,6
8,574,6
9,723,9

Router 5:

0,95,0
1,1192,7
2,320,7
3,1235,4
4,627,4
6,614,7
7,95,7
8,224,7
9,630,7

Router 6:

0,709,7
1,592,1
2,486,8
3,792,4
4,184,4
5,614,7
7,519,8
8,390,8
9,796,8

Router 7:

0,190,5
1,1097,8
2,225,8
3,1311,6
4,703,6
5,95,5
6,519,8
8,129,8
9,535,8

Router 8:

0,319,7
1,968,1
2,96,2
3,1182,6
4,574,6
5,224,7
6,390,6
7,129,7
9,406,2

Router 9:

0,711,0
1,1374,8
2,310,2
3,1331,4
4,723,4
5,630,8
6,796,8
7,535,8
8,406,2

Link between 5 and 7 has gone down at 20.0167 seconds

Network has converged at 22.4648 seconds
The last node to converge was 4
Number of routing control messages: 1

Router 0:

1,1287,5
2,415,5
3,1330,5
4,722,5
5,95,5
6,709,5
7,190,5
8,319,5
9,711,9

Router 1:

0,1287,8
2,1064,8
3,446,3
4,776,6
5,1192,8
6,592,6
7,1097,8
8,968,8
9,1374,8

Router 2:

0,415,8
1,1064,8
3,1278,6
4,670,6
5,320,8
6,486,8
7,225,8
8,96,8
9,310,9

Router 3:

0,1330,4
1,446,1
2,1278,4
4,608,4
5,1235,4
6,792,4
7,1311,4
8,1182,4
9,1331,4

Router 4:

0,722,5
1,776,6
2,670,6
3,608,3
5,627,5
6,184,6
7,703,6
8,574,6
9,723,9

Router 5:

0,95,0
1,1192,7
2,320,7
3,1235,4
4,627,4
6,614,7
7,1330,4
8,224,7
9,630,7

Router 6:

0,709,7
1,592,1
2,486,8
3,792,4
4,184,4
5,614,7
7,519,8
8,390,8
9,796,8

Router 7:

0,190,5
1,1097,8
2,225,8
3,1311,6
4,703,6
5,999999,5
6,519,8
8,129,8
9,535,8

Router 8:

0,319,7
1,968,1
2,96,2
3,1182,6
4,574,6
5,224,7
6,390,6
7,129,7
9,406,2

Router 9:

0,711,0
1,1374,8
2,310,2
3,1331,4
4,723,4
5,630,8
6,796,8
7,535,8
8,406,2

--------------------------------------------------------
Data packet being sent from 0 to 7 at 22.4648
Data Packet received by 5 at 22.605
Data packet being sent from 5 to 7 at 22.605
Data Packet received by 4 at 22.8783
Data packet being sent from 4 to 7 at 22.8783
Data Packet received by 6 at 23.1827
Data packet being sent from 6 to 7 at 23.1827
Data Packet received by 8 at 23.5019
Data packet being sent from 8 to 7 at 23.5019
Data Packet received by 7 at 23.6455
--------------------------------------------------------

Run Complete at 30.2667 seconds
--------------------------------------------------------
